0
1
1
10
11
100
101
110
111
0
2
2
20
22
0
3
3
30
33
0
4
4
40
44
0
5
5
50
55
0
6
6
60
66
0
7
7
70
77
0
8
8
80
88
0
9
9
90
99
1
2
11
12
21
22
111
112
121
122
1
3
11
13
31
33
111
113
1
4
11
14
41
44
111
114
1
5
11
15
51
55
111
115
1
6
11
16
61
66
111
116
1
7
11
17
71
77
111
117
1
8
11
18
81
88
111
118
1
9
11
19
91
99
111
119
2
3
22
23
32
33
2
4
22
24
42
44
2
5
22
25
52
55
2
6
22
26
62
66
2
7
22
27
72
77
2
8
22
28
82
88
2
9
22
29
92
99
3
4
33
34
43
44
3
5
33
35
53
55
3
6
33
36
63
66
3
7
33
37
73
77
3
8
33
38
83
88
3
9
33
39
93
99
4
5
44
45
54
55
4
6
44
46
64
66
4
7
44
47
74
77
4
8
44
48
84
88
4
9
44
49
94
99
5
6
55
56
65
66
5
7
55
57
75
77
5
8
55
58
85
88
5
9
55
59
95
99
6
7
66
67
76
77
6
8
66
68
86
88
6
9
66
69
96
99
7
8
77
78
87
88
7
9
77
79
97
99
8
9
88
89
98
99
113